$ 1 0.0000049999999999999996 0.9487735836358526 36 5 43 5e-11
v -176 256 -176 48 0 0 40 5 0 0 0.5
s -176 48 -16 48 0 1 false
s -16 48 112 48 0 1 false
181 240 48 240 256 0 300 5 5 0.4 0.4
w 240 256 -176 256 0
x 293 158 305 161 4 18 S
x -109 23 -97 26 4 18 A
x 36 24 48 27 4 18 B
s 112 48 240 48 0 1 false
x 162 28 174 31 4 18 C
150 512 112 688 112 0 2 4.999999999999999 5
x 463 148 475 151 4 18 B
x 464 113 476 116 4 18 A
x 744 182 756 185 4 18 S
w 688 240 432 240 0
181 688 112 688 240 0 300 5 5 0.4 0.4
v 432 240 432 128 0 0 40 5 0 0 0.5
s 432 128 512 128 0 0 false
w 432 128 432 96 0
s 432 96 512 96 0 0 false
