$ 1 0.000005 10.20027730826997 50 5 43 5e-11
v 96 432 96 288 0 0 40 5 0 0 0.5
S 96 288 224 288 0 1 false 0 2
S 480 288 336 288 0 1 false 0 2
w 224 272 336 272 0
w 224 304 336 304 0
x 112 274 128 277 4 24 A
x 446 274 462 277 4 24 B
x 175 333 186 336 4 20 1
x 177 257 188 260 4 20 0
x 378 333 389 336 4 20 1
x 378 259 389 262 4 20 0
181 480 288 480 432 0 300 10 5 0.4 0.4
w 96 432 480 432 0
x 60 206 112 209 4 24 XOR
v 32 752 32 576 0 0 40 5 0 0 0.5
181 512 576 512 752 0 300 10 5 0.4 0.4
s 32 544 240 544 0 1 false
s 32 576 240 576 0 0 false
x 91 536 107 539 4 24 A
x 93 569 109 572 4 24 B
150 240 560 368 560 0 2 0 5
w 32 544 32 576 0
w 368 592 368 624 0
w 256 624 368 624 0
x 96 616 113 619 4 24 C
152 368 576 512 576 0 2 0 5
x 345 548 399 551 4 24 (A.B)
x 477 557 576 560 4 24 (A.B)\s\p\sC
x 337 614 354 617 4 24 C
s 32 624 256 624 0 1 false
w 32 752 512 752 0
v 16 1184 16 960 0 0 40 5 0 0 0.5
w 16 1184 528 1184 0
181 528 960 528 1184 0 300 10 5 0.4 0.4
s 16 960 192 960 0 1 false
150 368 960 528 960 0 2 0 5
150 208 1008 368 1008 0 2 0 5
w 368 976 368 1008 0
s 16 928 192 928 0 1 false
152 192 944 368 944 0 2 0 5
w 16 928 16 960 0
w 192 960 192 992 0
w 192 992 208 992 0
s 16 1024 208 1024 0 1 false
